EXPECTED KEY NUMBERS:
  ECM_ssGSEA_mean_d: 0.3473
  ECM_ssGSEA_sd_d: 0.1642
  ECM_ssGSEA_n: 3
  ECM_ssGSEA_all_d_1: 0.386
  ECM_ssGSEA_all_d_2: 0.1672
  ECM_ssGSEA_all_d_3: 0.4887
  ECM_GSVA_mean_d: 0.3335
  ECM_GSVA_sd_d: 0.0726
  ECM_GSVA_n: 3
  ECM_GSVA_all_d_1: 0.4007
  ECM_GSVA_all_d_2: 0.3433
  ECM_GSVA_all_d_3: 0.2565
  ECM_zscore_mean_d: 0.3992
  ECM_zscore_sd_d: 0.1187
  ECM_zscore_n: 3
  ECM_zscore_all_d_1: 0.4375
  ECM_zscore_all_d_2: 0.2661
  ECM_zscore_all_d_3: 0.494
  ECM_AUCell_mean_d: -0.0173
  ECM_AUCell_sd_d: 0.0749
  ECM_AUCell_n: 3
  ECM_AUCell_all_d_1: 0.035
  ECM_AUCell_all_d_2: -0.1031
  ECM_AUCell_all_d_3: 0.0161
  ECM_UCell_mean_d: -0.0361
  ECM_UCell_sd_d: 0.0132
  ECM_UCell_n: 3
  ECM_UCell_all_d_1: -0.0464
  ECM_UCell_all_d_2: -0.0406
  ECM_UCell_all_d_3: -0.0213
  ad_brain_magnitude_mean: 0.902777777777778
  ad_brain_rank_mean: 0.8125
  ad_brain_gap_pp: 9.027777777777802
  ckd_kidney_magnitude_mean: 0.6629901960784313
  ckd_kidney_rank_mean: 0.35477941176470595
  ckd_kidney_gap_pp: 30.82107843137254
  covid_blood_magnitude_mean: 0.7276785714285717
  covid_blood_rank_mean: 0.736607142857143
  covid_blood_gap_pp: -0.8928571428571286
  covid_lung_magnitude_mean: 0.611494252873563
  covid_lung_rank_mean: 0.5
  covid_lung_gap_pp: 11.149425287356296
  dcm_heart_magnitude_mean: 0.875
  dcm_heart_rank_mean: 0.675
  dcm_heart_gap_pp: 19.999999999999996
  ipf_lung_magnitude_mean: 0.5386904761904759
  ipf_lung_rank_mean: 0.46428571428571397
  ipf_lung_gap_pp: 7.440476190476197
  pd_brain_magnitude_mean: 0.6515151515151514
  pd_brain_rank_mean: 0.609848484848485
  pd_brain_gap_pp: 4.166666666666641
  sle_blood_magnitude_mean: 0.9259259259259256
  sle_blood_rank_mean: 0.9131944444444445
  sle_blood_gap_pp: 1.2731481481481066
