EXPECTED KEY NUMBERS:
  median_sensitivity: 0.7049252954512525
  median_robustness: 0.8123286706994375
  AUCell_sensitivity: 0.6048038257557464
  AUCell_robustness: 0.80081034545469
  AUCell_aggregation: 0.8413018247012698
  AUCell_outlier_robustness: 0.8293496216988637
  AUCell_normalization: 0.6685870944301001
  AUCell_sample: 0.8640028409885259
  GSVA_sensitivity: 0.7049252954512525
  GSVA_robustness: 0.8212011589499776
  GSVA_aggregation: 0.726466027334203
  GSVA_outlier_robustness: 0.8174726013595275
  GSVA_normalization: 0.8479710709020334
  GSVA_sample: 0.8928949362041468
  UCell_sensitivity: 0.6617499737943768
  UCell_robustness: 0.8646068947199964
  UCell_aggregation: 0.9603519040246074
  UCell_outlier_robustness: 0.8369854341503717
  UCell_normalization: 0.7969970389506211
  UCell_sample: 0.8640932017543858
  ssGSEA_sensitivity: 0.7333569378312976
  ssGSEA_robustness: 0.8123286706994375
  ssGSEA_aggregation: 0.8692465756534133
  ssGSEA_outlier_robustness: 0.7820372534186403
  ssGSEA_normalization: 0.7298746535662064
  ssGSEA_sample: 0.8681562001594896
  zscore_sensitivity: 0.7727448986386612
  zscore_robustness: 0.8117590255697793
  zscore_aggregation: 0.8251350462191183
  zscore_outlier_robustness: 0.7851462625309911
  zscore_normalization: 0.770293469765053
  zscore_sample: 0.8664613237639551
