EXPECTED KEY NUMBERS:
  GSVA_Biology_value: 0.7049252954512525
  GSVA_Aggregation_value: 0.726466027334203
  GSVA_Outlier_value: 0.18252739864047252
  GSVA_Normalization_value: 0.8479710709020334
  GSVA_Sample_value: 0.8928949362041468
  GSVA_Good_count: 4
  UCell_Biology_value: 0.6617499737943768
  UCell_Aggregation_value: 0.9603519040246074
  UCell_Outlier_value: 0.16301456584962826
  UCell_Normalization_value: 0.7969970389506211
  UCell_Sample_value: 0.8640932017543858
  UCell_Good_count: 4
  AUCell_Biology_value: 0.6048038257557464
  AUCell_Aggregation_value: 0.8413018247012698
  AUCell_Outlier_value: 0.17065037830113627
  AUCell_Normalization_value: 0.6685870944301001
  AUCell_Sample_value: 0.8640028409885259
  AUCell_Good_count: 2
  zscore_Biology_value: 0.7727448986386612
  zscore_Aggregation_value: 0.8251350462191183
  zscore_Outlier_value: 0.214853737469009
  zscore_Normalization_value: 0.770293469765053
  zscore_Sample_value: 0.8664613237639551
  zscore_Good_count: 2
  ssGSEA_Biology_value: 0.7333569378312976
  ssGSEA_Aggregation_value: 0.8692465756534133
  ssGSEA_Outlier_value: 0.21796274658135972
  ssGSEA_Normalization_value: 0.7298746535662064
  ssGSEA_Sample_value: 0.8681562001594896
  ssGSEA_Good_count: 1
